[113, 728, 881, 337, 787, 204, 906, 822, 907, 839, 685, 552, 52, 936, 533, 836, 11, 946, 605, 347, 580, 671, 395, 889, 749, 90, 427, 554, 408, 674],
[113, 533, 881, 337, 787, 204, 906, 822, 907, 839, 685, 552, 52, 936, 728, 836, 11, 946, 605, 347, 580, 671, 395, 889, 749, 90, 427, 554, 408, 674],
[113, 533, 836, 337, 787, 204, 906, 822, 907, 839, 685, 552, 52, 936, 728, 881, 11, 946, 605, 347, 580, 671, 395, 889, 749, 90, 427, 554, 408, 674],
[113, 533, 836, 11, 787, 204, 906, 822, 907, 839, 685, 552, 52, 936, 728, 881, 337, 946, 605, 347, 580, 671, 395, 889, 749, 90, 427, 554, 408, 674],
[113, 533, 836, 11, 787, 204, 906, 822, 907, 839, 685, 552, 52, 936, 728, 881, 337, 946, 605, 347, 580, 671, 395, 889, 749, 90, 427, 554, 408, 674],
[113, 533, 836, 11, 787, 204, 906, 822, 907, 839, 685, 552, 52, 936, 728, 881, 337, 946, 605, 347, 580, 671, 395, 889, 749, 90, 427, 554, 408, 674],
[113, 533, 836, 11, 787, 204, 347, 822, 907, 839, 685, 552, 52, 936, 728, 881, 337, 946, 605, 906, 580, 671, 395, 889, 749, 90, 427, 554, 408, 674],
[113, 533, 836, 11, 787, 204, 347, 580, 907, 839, 685, 552, 52, 936, 728, 881, 337, 946, 605, 906, 822, 671, 395, 889, 749, 90, 427, 554, 408, 674],
[113, 533, 836, 11, 787, 204, 347, 580, 671, 839, 685, 552, 52, 936, 728, 881, 337, 946, 605, 906, 822, 907, 395, 889, 749, 90, 427, 554, 408, 674],
[113, 533, 836, 11, 787, 204, 347, 580, 671, 395, 685, 552, 52, 936, 728, 881, 337, 946, 605, 906, 822, 907, 839, 889, 749, 90, 427, 554, 408, 674],
[113, 533, 836, 11, 787, 204, 347, 580, 671, 395, 685, 552, 52, 936, 728, 881, 337, 946, 605, 906, 822, 907, 839, 889, 749, 90, 427, 554, 408, 674],
[113, 533, 836, 11, 787, 204, 347, 580, 671, 395, 685, 552, 52, 936, 728, 881, 337, 946, 605, 906, 822, 907, 839, 889, 749, 90, 427, 554, 408, 674],
[113, 533, 836, 11, 787, 204, 347, 580, 671, 395, 685, 552, 52, 936, 728, 881, 337, 946, 605, 906, 822, 907, 839, 889, 749, 90, 427, 554, 408, 674],
[113, 533, 836, 11, 787, 204, 347, 580, 671, 395, 685, 552, 52, 427, 728, 881, 337, 946, 605, 906, 822, 907, 839, 889, 749, 90, 936, 554, 408, 674],
[113, 533, 836, 11, 787, 204, 347, 580, 671, 395, 685, 552, 52, 427, 554, 881, 337, 946, 605, 906, 822, 907, 839, 889, 749, 90, 936, 728, 408, 674],
[113, 533, 408, 11, 787, 204, 347, 580, 671, 395, 685, 552, 52, 427, 554, 836, 337, 946, 605, 906, 822, 907, 839, 889, 749, 90, 936, 728, 881, 674],
[113, 533, 408, 11, 787, 204, 347, 580, 671, 395, 685, 552, 52, 427, 554, 836, 337, 946, 605, 906, 822, 907, 839, 889, 749, 90, 936, 728, 881, 674],
[113, 533, 408, 11, 787, 204, 347, 580, 671, 395, 685, 552, 52, 427, 554, 836, 337, 946, 605, 906, 822, 907, 839, 889, 749, 90, 936, 728, 881, 674]=
[113, 533, 408, 11, 787, 204, 347, 580, 671, 395, 685, 552, 52, 427, 554, 836, 337, 946, 605, 906, 822, 907, 839, 889, 749, 90, 936, 728, 881, 674],
[113, 204, 408, 11, 787, 533, 347, 580, 671, 395, 685, 552, 52, 427, 554, 836, 337, 946, 605, 906, 822, 907, 839, 889, 749, 90, 936, 728, 881, 674],
[113, 204, 347, 11, 787, 533, 408, 580, 671, 395, 685, 552, 52, 427, 554, 836, 337, 946, 605, 906, 822, 907, 839, 889, 749, 90, 936, 728, 881, 674],
[113, 204, 347, 11, 787, 533, 408, 580, 671, 395, 685, 552, 52, 427, 554, 836, 337, 946, 605, 906, 822, 907, 839, 889, 749, 90, 936, 728, 881, 674],
[113, 204, 347, 11, 671, 533, 408, 580, 787, 395, 685, 552, 52, 427, 554, 836, 337, 946, 605, 906, 822, 907, 839, 889, 749, 90, 936, 728, 881, 674],
[113, 204, 347, 11, 671, 395, 408, 580, 787, 533, 685, 552, 52, 427, 554, 836, 337, 946, 605, 906, 822, 907, 839, 889, 749, 90, 936, 728, 881, 674],
[113, 204, 347, 11, 671, 395, 408, 580, 787, 533, 685, 552, 52, 427, 554, 836, 337, 946, 605, 906, 822, 907, 839, 889, 749, 90, 936, 728, 881, 674],
[113, 204, 347, 11, 671, 395, 408, 552, 787, 533, 685, 580, 52, 427, 554, 836, 337, 946, 605, 906, 822, 907, 839, 889, 749, 90, 936, 728, 881, 674],
[52, 204, 347, 11, 113, 395, 408, 552, 671, 533, 685, 580, 787, 427, 554, 836, 337, 946, 605, 906, 822, 907, 839, 889, 749, 90, 936, 728, 881, 674],
[52, 204, 347, 11, 113, 395, 408, 552, 671, 427, 685, 580, 787, 533, 554, 836, 337, 946, 605, 906, 822, 907, 839, 889, 749, 90, 936, 728, 881, 674],
[52, 204, 347, 11, 113, 395, 408, 552, 671, 427, 554, 580, 787, 533, 685, 836, 337, 946, 605, 906, 822, 907, 839, 889, 749, 90, 936, 728, 881, 674],
[52, 204, 347, 11, 113, 395, 408, 552, 671, 427, 554, 580, 787, 533, 685, 836, 337, 946, 605, 906, 822, 907, 839, 889, 749, 90, 936, 728, 881, 674],
[52, 204, 347, 11, 113, 395, 408, 552, 337, 427, 554, 580, 671, 533, 685, 836, 787, 946, 605, 906, 822, 907, 839, 889, 749, 90, 936, 728, 881, 674],
[52, 204, 347, 11, 113, 395, 408, 552, 337, 427, 554, 580, 671, 533, 685, 836, 787, 946, 605, 906, 822, 907, 839, 889, 749, 90, 936, 728, 881, 674],
[52, 204, 347, 11, 113, 395, 408, 552, 337, 427, 554, 580, 671, 533, 605, 836, 787, 946, 685, 906, 822, 907, 839, 889, 749, 90, 936, 728, 881, 674],
[52, 204, 347, 11, 113, 395, 408, 552, 337, 427, 554, 580, 671, 533, 605, 836, 787, 946, 685, 906, 822, 907, 839, 889, 749, 90, 936, 728, 881, 674],
[52, 204, 347, 11, 113, 395, 408, 552, 337, 427, 554, 580, 671, 533, 605, 836, 787, 946, 685, 906, 822, 907, 839, 889, 749, 90, 936, 728, 881, 674],
[52, 204, 347, 11, 113, 395, 408, 552, 337, 427, 554, 580, 671, 533, 605, 836, 787, 907, 685, 906, 822, 946, 839, 889, 749, 90, 936, 728, 881, 674],
[52, 204, 347, 11, 113, 395, 408, 552, 337, 427, 554, 580, 671, 533, 605, 836, 787, 907, 685, 906, 822, 946, 839, 889, 749, 90, 936, 728, 881, 674],
[52, 204, 347, 11, 113, 395, 408, 552, 337, 427, 554, 580, 671, 533, 605, 836, 787, 907, 685, 889, 822, 946, 839, 906, 749, 90, 936, 728, 881, 674],
[52, 204, 347, 11, 113, 395, 408, 552, 337, 427, 554, 580, 671, 533, 605, 836, 749, 907, 685, 889, 787, 946, 839, 906, 822, 90, 936, 728, 881, 674],
[52, 90, 347, 11, 113, 204, 408, 552, 337, 395, 554, 580, 671, 427, 605, 836, 749, 533, 685, 889, 787, 907, 839, 906, 822, 946, 936, 728, 881, 674],
[52, 90, 347, 11, 113, 204, 408, 552, 337, 395, 554, 580, 671, 427, 605, 836, 749, 533, 685, 889, 787, 907, 839, 906, 822, 946, 936, 728, 881, 674],
[52, 90, 347, 11, 113, 204, 408, 552, 337, 395, 554, 580, 671, 427, 605, 728, 749, 533, 685, 836, 787, 907, 839, 889, 822, 946, 936, 906, 881, 674],
[52, 90, 347, 11, 113, 204, 408, 552, 337, 395, 554, 580, 671, 427, 605, 728, 749, 533, 685, 836, 787, 907, 839, 889, 822, 946, 936, 906, 881, 674],
[52, 90, 347, 11, 113, 204, 408, 552, 337, 395, 554, 580, 671, 427, 605, 728, 749, 533, 685, 836, 787, 674, 839, 889, 822, 907, 936, 906, 881, 946],
[52, 90, 347, 11, 113, 204, 408, 552, 337, 395, 554, 580, 671, 427, 605, 728, 749, 533, 685, 836, 787, 674, 839, 889, 822, 907, 936, 906, 881, 946]=
[52, 90, 347, 11, 113, 204, 408, 552, 337, 395, 554, 580, 671, 427, 605, 728, 749, 533, 685, 836, 787, 674, 839, 889, 822, 907, 936, 906, 881, 946],
[52, 90, 347, 11, 113, 204, 408, 552, 337, 395, 554, 580, 671, 427, 605, 728, 749, 533, 685, 836, 787, 674, 839, 889, 822, 907, 936, 906, 881, 946],
[11, 52, 90, 347, 113, 204, 408, 552, 337, 395, 554, 580, 671, 427, 605, 728, 749, 533, 685, 836, 787, 674, 839, 889, 822, 907, 936, 906, 881, 946],
[11, 52, 90, 113, 347, 204, 408, 552, 337, 395, 554, 580, 671, 427, 605, 728, 749, 533, 685, 836, 787, 674, 839, 889, 822, 907, 936, 906, 881, 946],
[11, 52, 90, 113, 204, 347, 408, 552, 337, 395, 554, 580, 671, 427, 605, 728, 749, 533, 685, 836, 787, 674, 839, 889, 822, 907, 936, 906, 881, 946],
[11, 52, 90, 113, 204, 347, 408, 552, 337, 395, 554, 580, 671, 427, 605, 728, 749, 533, 685, 836, 787, 674, 839, 889, 822, 907, 936, 906, 881, 946],
[11, 52, 90, 113, 204, 347, 408, 552, 337, 395, 554, 580, 671, 427, 605, 728, 749, 533, 685, 836, 787, 674, 839, 889, 822, 907, 936, 906, 881, 946],
[11, 52, 90, 113, 204, 337, 347, 408, 552, 395, 554, 580, 671, 427, 605, 728, 749, 533, 685, 836, 787, 674, 839, 889, 822, 907, 936, 906, 881, 946],
[11, 52, 90, 113, 204, 337, 347, 395, 408, 552, 554, 580, 671, 427, 605, 728, 749, 533, 685, 836, 787, 674, 839, 889, 822, 907, 936, 906, 881, 946],
[11, 52, 90, 113, 204, 337, 347, 395, 408, 552, 554, 580, 671, 427, 605, 728, 749, 533, 685, 836, 787, 674, 839, 889, 822, 907, 936, 906, 881, 946],
[11, 52, 90, 113, 204, 337, 347, 395, 408, 552, 554, 580, 671, 427, 605, 728, 749, 533, 685, 836, 787, 674, 839, 889, 822, 907, 936, 906, 881, 946],
[11, 52, 90, 113, 204, 337, 347, 395, 408, 552, 554, 580, 671, 427, 605, 728, 749, 533, 685, 836, 787, 674, 839, 889, 822, 907, 936, 906, 881, 946],
[11, 52, 90, 113, 204, 337, 347, 395, 408, 427, 552, 554, 580, 671, 605, 728, 749, 533, 685, 836, 787, 674, 839, 889, 822, 907, 936, 906, 881, 946],
[11, 52, 90, 113, 204, 337, 347, 395, 408, 427, 552, 554, 580, 605, 671, 728, 749, 533, 685, 836, 787, 674, 839, 889, 822, 907, 936, 906, 881, 946],
[11, 52, 90, 113, 204, 337, 347, 395, 408, 427, 552, 554, 580, 605, 671, 728, 749, 533, 685, 836, 787, 674, 839, 889, 822, 907, 936, 906, 881, 946],
[11, 52, 90, 113, 204, 337, 347, 395, 408, 427, 552, 554, 580, 605, 671, 728, 749, 533, 685, 836, 787, 674, 839, 889, 822, 907, 936, 906, 881, 946],
[11, 52, 90, 113, 204, 337, 347, 395, 408, 427, 533, 552, 554, 580, 605, 671, 728, 749, 685, 836, 787, 674, 839, 889, 822, 907, 936, 906, 881, 946],
[11, 52, 90, 113, 204, 337, 347, 395, 408, 427, 533, 552, 554, 580, 605, 671, 685, 728, 749, 836, 787, 674, 839, 889, 822, 907, 936, 906, 881, 946],
[11, 52, 90, 113, 204, 337, 347, 395, 408, 427, 533, 552, 554, 580, 605, 671, 685, 728, 749, 836, 787, 674, 839, 889, 822, 907, 936, 906, 881, 946],
[11, 52, 90, 113, 204, 337, 347, 395, 408, 427, 533, 552, 554, 580, 605, 671, 685, 728, 749, 787, 836, 674, 839, 889, 822, 907, 936, 906, 881, 946],
[11, 52, 90, 113, 204, 337, 347, 395, 408, 427, 533, 552, 554, 580, 605, 671, 674, 685, 728, 749, 787, 836, 839, 889, 822, 907, 936, 906, 881, 946],
[11, 52, 90, 113, 204, 337, 347, 395, 408, 427, 533, 552, 554, 580, 605, 671, 674, 685, 728, 749, 787, 836, 839, 889, 822, 907, 936, 906, 881, 946],
[11, 52, 90, 113, 204, 337, 347, 395, 408, 427, 533, 552, 554, 580, 605, 671, 674, 685, 728, 749, 787, 836, 839, 889, 822, 907, 936, 906, 881, 946],
[11, 52, 90, 113, 204, 337, 347, 395, 408, 427, 533, 552, 554, 580, 605, 671, 674, 685, 728, 749, 787, 822, 836, 839, 889, 907, 936, 906, 881, 946],
[11, 52, 90, 113, 204, 337, 347, 395, 408, 427, 533, 552, 554, 580, 605, 671, 674, 685, 728, 749, 787, 822, 836, 839, 889, 907, 936, 906, 881, 946],
[11, 52, 90, 113, 204, 337, 347, 395, 408, 427, 533, 552, 554, 580, 605, 671, 674, 685, 728, 749, 787, 822, 836, 839, 889, 907, 936, 906, 881, 946],
[11, 52, 90, 113, 204, 337, 347, 395, 408, 427, 533, 552, 554, 580, 605, 671, 674, 685, 728, 749, 787, 822, 836, 839, 889, 906, 907, 936, 881, 946],
[11, 52, 90, 113, 204, 337, 347, 395, 408, 427, 533, 552, 554, 580, 605, 671, 674, 685, 728, 749, 787, 822, 836, 839, 881, 889, 906, 907, 936, 946],
[11, 52, 90, 113, 204, 337, 347, 395, 408, 427, 533, 552, 554, 580, 605, 671, 674, 685, 728, 749, 787, 822, 836, 839, 881, 889, 906, 907, 936, 946],
[11, 52, 90, 113, 204, 337, 347, 395, 408, 427, 533, 552, 554, 580, 605, 671, 674, 685, 728, 749, 787, 822, 836, 839, 881, 889, 906, 907, 936, 946]=
